1.000	22.505	4.892	1.957	0.000	1.957	23.483	7.828	5.871	4.892	29.354	4.892	2.935	3.914	6.849	0.978	0.000	0.000	1.957	14.677	6.849	0.000	7.828	5.871	0.000	1.957	12.720	1.957	1.957	34.247	0.978	10.763	5.871	4.892	1.957	0.000	3.914	7.828	0.000	50.881	4.892	0.978	2.935	3.914	1.957	3.914	1.957	0.978	2.935	4.892	6.849	18.591	85.127	11.742	0.978	2.935	0.000	7.828	41.096	0.000	1.957	0.978	0.978	0.978	0.000	11.742	3.914	6.849	3.914	4.892	0.000
2.000	25.313	1.830	0.305	4.575	26.532	3.660	2.440	16.468	2.440	17.078	5.794	2.135	9.149	1.525	2.440	0.000	0.915	1.220	3.355	4.575	2.745	4.880	11.589	4.270	5.489	5.185	25.618	0.610	11.894	18.603	4.880	2.745	2.745	1.220	1.525	3.050	13.114	0.000	45.441	9.149	1.525	1.830	11.284	3.050	0.305	0.610	2.745	0.915	2.745	2.440	19.518	91.491	1.525	0.610	3.355	0.000	3.355	40.561	0.000	0.000	5.185	2.135	1.220	1.220	10.369	0.610	3.965	5.489	8.234	0.000
2.000	27.719	1.808	2.410	0.904	5.423	28.322	2.712	5.725	8.738	15.366	4.519	6.026	11.148	2.712	0.904	0.000	0.603	0.904	6.327	6.327	1.808	3.616	6.327	2.109	5.423	14.763	1.808	1.808	18.680	2.109	17.174	2.712	3.013	1.205	0.000	5.122	9.641	0.603	56.644	4.519	3.917	0.603	5.122	0.904	0.904	3.013	2.109	3.013	3.616	3.314	16.873	81.049	7.532	0.603	0.904	0.000	7.231	34.950	0.000	1.205	3.616	3.013	0.301	0.603	7.834	4.218	3.616	6.629	4.519	0.000
2.000	17.879	2.774	0.925	3.699	22.503	2.158	5.240	11.714	3.391	22.195	2.466	2.774	10.481	4.316	0.617	0.308	0.000	0.925	4.932	4.316	0.617	4.624	4.007	0.000	4.007	5.857	31.751	0.925	23.736	23.736	7.707	8.015	1.541	4.624	0.000	2.466	9.864	0.308	40.691	6.473	3.083	1.850	8.323	0.000	1.850	1.541	3.699	0.617	1.850	1.850	18.496	96.794	0.925	0.925	2.158	0.308	6.782	47.781	0.308	0.308	0.617	0.308	4.316	2.158	6.165	0.617	3.083	7.090	2.158	0.000
2.000	28.475	3.947	1.128	4.793	16.916	3.383	4.511	7.612	4.229	27.911	0.846	2.819	13.814	1.410	0.564	0.000	0.846	1.973	7.048	3.665	0.000	0.564	2.819	0.000	0.846	5.639	24.810	0.282	14.660	15.788	1.692	5.075	5.075	0.846	0.000	1.973	10.149	0.282	62.870	3.947	2.819	1.692	10.149	0.282	0.282	1.973	1.692	1.692	1.973	4.229	12.687	91.909	3.665	0.000	1.410	0.282	5.357	40.316	0.000	0.000	1.692	2.537	0.846	1.692	7.330	0.282	4.229	2.255	6.202	0.000
2.000	13.944	4.290	0.358	3.218	40.400	0.715	5.720	5.005	2.860	12.871	2.145	7.508	7.151	2.503	0.000	0.358	0.715	1.788	5.720	5.363	0.358	5.363	5.363	5.005	6.793	3.933	9.653	1.788	7.508	8.581	1.073	2.145	1.073	2.503	0.715	5.363	5.720	3.218	58.992	11.441	3.933	2.860	6.078	7.151	0.358	3.218	1.073	0.358	1.430	0.715	12.156	72.220	13.586	1.073	1.430	0.000	3.575	33.607	0.358	0.000	2.860	0.000	0.358	1.073	6.435	2.860	9.296	7.508	5.005	3.218
2.000	17.579	2.322	3.648	0.995	3.980	32.836	0.663	4.312	10.945	17.910	6.633	2.322	18.242	0.995	1.658	0.000	1.658	2.653	7.629	4.975	5.638	3.317	8.624	0.000	0.995	11.609	1.327	2.653	22.554	2.322	9.619	2.322	1.327	1.327	0.000	2.985	6.302	0.663	56.716	4.312	2.985	1.658	3.317	0.332	1.990	3.980	4.312	2.322	4.312	1.658	20.896	96.517	11.609	1.327	1.327	0.000	5.970	39.469	3.980	0.000	0.000	6.302	1.658	0.995	10.282	2.985	2.322	4.975	1.990	0.000
2.000	18.807	2.149	6.985	0.537	6.448	27.405	0.537	3.224	9.672	16.658	6.448	3.761	15.046	2.149	0.000	0.000	0.000	1.612	8.598	6.448	5.373	3.224	5.373	0.000	1.612	12.896	4.836	1.075	24.718	1.612	15.583	3.224	4.299	0.537	0.000	3.224	6.985	0.000	52.660	8.598	4.299	0.537	5.911	1.612	1.612	3.224	2.687	3.761	0.000	2.149	14.508	89.199	7.523	0.000	1.075	0.000	7.523	28.479	0.537	0.000	2.687	2.149	1.075	0.000	15.046	2.687	5.911	4.299	1.612	0.000
1.000	25.487	2.249	4.873	0.750	7.121	26.987	4.498	4.873	7.496	12.369	6.372	2.624	4.123	3.748	0.375	0.000	0.000	3.373	4.123	3.373	0.750	5.622	8.621	0.000	2.624	14.993	2.249	1.499	27.361	0.750	14.243	5.247	1.874	5.622	2.624	5.247	7.496	1.124	62.594	6.372	2.999	0.375	4.498	1.874	1.124	1.499	1.874	0.750	1.874	1.874	12.744	89.955	2.624	0.750	3.748	0.000	4.873	42.354	0.375	4.498	0.000	0.750	1.124	0.375	15.367	3.748	5.997	2.999	2.249	1.499
1.000	14.607	3.043	2.435	0.000	4.869	27.998	1.826	4.260	9.130	10.956	10.347	3.043	8.521	1.826	0.000	0.000	2.435	6.695	0.000	3.043	1.826	7.304	12.781	0.000	3.043	12.173	1.826	2.435	21.911	0.609	10.956	1.826	1.826	1.826	0.000	1.826	7.912	0.609	65.733	1.826	1.826	3.043	3.043	0.609	4.260	0.609	4.260	0.609	1.217	3.043	9.738	110.164	3.043	0.609	1.826	0.000	7.304	50.517	0.609	3.652	0.609	0.000	0.000	0.000	15.825	3.652	1.826	7.304	3.043	0.000
1.000	21.871	6.049	3.257	0.465	5.119	28.851	3.257	6.980	8.841	18.148	3.723	3.723	6.980	0.931	0.000	0.000	0.931	1.861	3.723	8.841	1.396	6.049	6.049	0.465	0.931	12.099	3.723	2.792	25.128	3.257	10.237	1.396	2.327	7.445	0.000	0.931	2.792	0.465	64.681	5.584	2.327	0.000	3.257	2.327	0.465	1.861	2.792	0.931	1.396	1.861	12.564	81.433	6.515	0.000	4.188	0.931	7.911	37.227	0.000	3.257	0.000	0.000	0.931	0.000	10.703	0.465	5.119	8.376	10.237	0.000
2.000	13.571	3.877	1.163	2.714	27.142	3.490	3.102	9.694	5.816	9.694	3.490	3.877	12.796	0.388	0.775	0.775	1.163	0.000	3.877	4.653	3.102	0.775	3.102	11.245	0.388	2.714	34.509	2.714	7.367	10.469	1.939	2.326	1.551	0.000	0.000	3.102	8.530	1.939	64.754	12.796	1.551	2.326	6.592	1.163	0.775	1.939	1.551	0.775	1.163	2.326	15.122	88.019	3.877	1.939	0.388	0.000	6.979	31.020	0.388	0.000	8.530	3.490	1.551	0.000	8.530	0.775	0.000	8.918	4.265	0.000
2.000	14.745	7.373	0.000	8.043	31.501	0.000	8.043	7.373	4.021	18.767	1.340	2.681	12.735	2.011	0.000	0.000	0.000	10.054	3.351	7.373	1.340	2.681	1.340	0.000	0.000	1.340	24.799	1.340	12.064	11.394	4.692	6.702	3.351	2.011	0.000	3.351	4.692	1.340	61.662	5.362	3.351	1.340	5.362	0.670	2.011	2.681	2.681	2.011	0.670	4.021	11.394	89.812	7.373	0.670	3.351	0.670	5.362	38.204	0.670	0.000	2.011	4.021	0.670	0.000	7.373	6.032	6.032	7.373	0.000	0.000
1.000	26.948	5.879	1.960	5.879	0.000	25.478	0.980	3.430	7.839	20.088	1.960	2.450	8.329	0.980	0.000	0.000	2.940	1.470	6.859	6.859	3.920	2.450	3.430	0.000	17.148	10.779	3.430	2.450	17.148	0.000	11.759	4.410	4.900	3.430	0.000	2.940	6.369	0.000	57.815	2.940	1.960	0.490	7.839	0.000	0.490	0.000	0.490	1.470	3.430	3.430	9.309	86.232	5.879	0.490	4.410	0.490	4.900	48.016	0.490	2.450	1.960	1.960	2.450	4.410	9.799	1.960	3.920	4.900	12.249	0.000
2.000	17.924	2.029	0.000	4.396	18.262	2.367	1.015	12.175	6.425	18.600	7.102	5.411	5.749	0.000	1.691	0.000	0.338	2.705	8.793	3.382	3.720	8.116	4.735	0.000	2.367	5.411	23.334	1.353	7.440	14.204	10.822	2.029	2.705	2.705	0.000	4.058	7.440	1.015	59.858	11.160	5.411	0.676	7.778	4.396	1.015	0.676	3.044	0.676	2.367	4.058	18.600	80.487	7.440	0.676	0.676	0.676	5.073	39.905	0.000	0.000	2.029	4.396	1.353	2.029	6.087	1.353	5.073	6.764	10.484	0.000
2.000	17.209	3.256	2.791	0.465	4.186	27.907	1.395	3.256	11.163	20.930	4.186	1.860	8.372	4.186	0.000	0.000	0.930	0.465	9.302	5.116	1.395	3.721	7.907	1.395	0.000	14.419	3.721	2.791	18.605	0.930	11.628	7.442	3.721	0.930	0.930	4.651	6.047	0.930	56.744	7.907	1.860	1.860	5.116	5.581	0.000	0.930	2.791	3.256	0.930	2.326	15.349	93.023	8.837	0.000	0.000	0.000	6.047	33.023	0.000	0.000	1.395	1.395	0.930	0.000	18.605	0.465	12.093	3.256	2.326	2.326
2.000	22.706	3.784	1.419	8.988	25.544	2.838	7.569	13.245	2.838	26.017	1.419	2.365	6.149	2.365	0.000	0.473	0.946	3.311	4.730	4.730	0.946	5.203	1.419	0.000	2.838	4.257	23.179	2.838	19.868	17.502	4.730	5.203	1.419	1.892	0.000	0.946	7.569	0.000	61.022	3.784	2.365	0.473	7.569	0.000	0.946	2.365	4.730	0.946	3.311	2.365	22.706	97.919	1.419	0.473	3.311	0.473	7.096	44.939	0.473	0.946	0.946	0.473	0.000	0.946	13.718	1.419	2.365	5.676	6.149	0.000
2.000	16.984	3.221	0.878	4.685	18.448	3.807	4.392	13.470	7.321	10.542	3.221	3.221	7.321	0.000	1.757	1.171	0.878	1.757	6.735	4.392	1.464	2.635	5.564	1.171	6.149	2.635	22.548	1.171	10.835	16.105	4.685	4.392	2.928	0.293	3.807	3.221	11.127	0.586	56.515	7.906	3.514	2.050	4.100	0.293	0.293	1.171	2.343	0.586	4.100	2.050	16.984	71.449	4.685	1.464	1.464	2.050	6.149	48.609	0.293	0.293	3.807	0.586	1.464	1.464	12.592	2.343	1.171	12.299	3.221	0.000
2.000	17.937	3.363	1.121	2.616	24.290	4.484	1.868	15.321	3.737	5.979	3.737	3.363	10.837	1.121	0.374	0.000	0.000	0.000	7.474	10.090	5.232	0.000	5.232	4.858	5.605	1.868	18.685	2.242	11.584	10.463	1.495	1.121	1.495	0.747	1.868	2.616	7.100	1.121	68.386	8.221	2.616	0.747	4.484	0.747	0.747	0.374	2.616	0.747	4.484	0.747	11.211	99.776	4.111	1.495	0.000	0.000	7.474	42.227	0.000	1.121	8.221	3.363	0.000	0.747	9.716	1.868	0.374	11.584	0.374	0.000
1.000	22.116	2.168	2.168	0.434	6.938	23.851	2.602	2.168	7.806	31.657	4.337	3.036	10.841	0.867	0.434	0.434	0.867	2.602	5.204	5.204	0.867	2.168	8.673	0.000	8.239	12.576	2.602	1.301	25.585	0.000	9.540	3.469	2.602	2.602	0.000	2.602	6.071	0.000	58.977	1.735	4.337	1.301	11.275	0.867	3.469	0.867	0.867	2.168	3.036	3.469	16.912	90.199	3.036	0.434	3.036	0.000	7.806	41.197	0.434	4.337	0.867	1.301	0.867	1.301	9.107	6.938	11.709	3.903	12.142	0.000
1.000	25.776	4.208	1.578	0.526	12.625	17.885	5.786	3.156	8.417	23.146	7.891	4.734	8.943	3.156	0.526	0.000	0.526	4.208	6.839	6.312	1.052	3.156	11.573	0.000	0.000	17.359	7.891	3.156	32.614	2.630	8.943	8.943	4.734	1.052	0.000	4.208	6.839	0.000	57.864	3.156	2.104	1.052	3.682	0.000	1.052	0.526	2.104	2.104	2.104	3.682	15.255	92.057	5.260	0.000	3.682	0.000	9.469	37.875	0.000	1.578	0.526	1.052	0.000	1.052	9.469	2.630	11.047	5.260	8.417	0.000
1.000	22.306	5.051	3.367	0.000	9.259	20.623	4.209	2.525	7.576	22.727	3.367	4.630	8.838	2.104	0.000	0.000	2.525	1.684	8.838	4.630	2.946	2.525	6.734	0.000	2.525	18.098	1.684	6.734	26.936	3.367	10.522	4.209	1.263	1.684	0.000	1.684	9.680	0.000	61.448	2.946	2.104	2.104	5.051	2.104	0.842	2.525	4.209	1.684	3.788	2.104	17.677	83.754	4.209	1.263	3.367	0.000	6.313	39.562	2.104	2.525	4.630	2.946	1.263	1.263	8.838	1.263	4.630	3.788	6.734	0.000
1.000	26.749	1.029	3.601	0.514	6.173	18.519	1.029	3.601	8.745	14.403	5.144	2.572	8.230	0.000	0.514	0.000	0.000	0.514	3.601	5.144	0.514	3.601	8.230	0.000	4.115	13.889	3.601	1.543	22.634	1.029	8.745	2.572	2.058	1.543	0.514	1.029	6.173	1.029	75.617	2.572	2.572	2.058	4.630	1.029	3.086	0.000	3.086	1.029	1.029	4.115	18.004	105.967	1.029	0.514	1.543	0.000	7.202	46.296	0.000	2.572	1.029	0.000	2.058	0.000	8.745	1.029	3.086	7.716	13.889	0.000
1.000	22.638	1.843	3.159	0.000	5.791	22.374	3.948	3.422	11.582	22.111	5.528	5.001	8.423	1.579	0.263	0.000	0.790	2.632	5.528	5.265	1.053	2.895	5.791	0.000	0.000	16.847	2.632	1.579	34.220	0.526	15.004	6.581	1.053	0.790	0.263	2.106	6.844	1.579	63.175	4.212	2.632	1.579	5.001	1.053	1.843	2.106	1.316	1.579	3.422	1.579	12.372	98.710	2.895	0.263	5.001	0.000	11.056	41.063	0.263	3.422	0.526	0.526	0.526	0.526	10.529	1.316	7.370	3.422	5.528	0.000
2.000	27.412	7.675	1.096	7.675	22.478	1.096	9.320	9.868	3.838	22.478	2.193	4.934	10.965	3.289	0.000	0.000	1.645	1.096	6.579	7.127	1.096	2.741	1.645	1.645	0.548	6.031	25.219	3.289	13.158	14.803	2.741	6.579	7.675	2.193	0.000	0.000	13.706	0.548	50.439	9.320	0.548	1.645	9.868	0.000	0.000	1.645	1.096	0.548	2.741	0.000	12.061	86.075	6.031	0.548	1.096	0.000	4.386	36.732	0.548	0.000	1.645	1.645	0.548	0.548	12.610	1.645	2.741	3.289	2.193	0.000
2.000	19.744	2.668	2.134	5.069	23.746	2.401	6.403	11.740	4.269	12.273	2.668	4.536	10.406	2.668	2.401	0.800	1.067	0.800	8.538	3.202	2.134	1.868	4.803	0.267	7.737	4.269	24.280	1.334	14.408	12.540	1.334	5.069	2.401	1.067	1.334	3.469	9.872	0.000	44.023	9.072	2.401	1.334	6.403	3.735	0.800	2.134	4.002	0.800	1.868	0.000	16.009	67.503	4.536	0.800	1.868	1.868	6.937	38.687	0.267	1.334	2.401	1.067	2.935	0.534	12.540	1.601	0.534	12.273	1.067	1.334
1.000	13.341	1.668	5.559	0.000	6.115	31.128	5.003	10.006	12.229	25.014	3.335	1.668	6.115	6.115	0.000	0.000	0.000	2.223	9.450	3.335	0.556	2.779	6.115	0.000	0.000	12.785	6.670	3.335	14.452	1.112	12.785	3.891	1.112	5.003	0.000	1.112	6.115	0.556	54.475	1.112	1.668	4.447	0.000	3.891	1.112	1.112	0.556	0.556	3.891	0.000	15.564	102.835	4.447	2.223	0.000	0.000	7.782	53.363	0.000	3.891	2.223	0.556	0.000	0.000	17.232	1.668	8.338	8.894	2.223	0.000
1.000	15.485	1.222	7.742	0.407	3.260	27.710	2.852	8.557	8.150	19.560	5.705	1.630	5.297	2.037	0.407	0.815	1.222	0.815	4.890	2.852	0.407	2.445	7.742	0.000	0.815	12.632	4.075	2.037	19.152	0.407	9.372	5.705	0.815	0.407	0.000	2.852	6.112	0.407	68.052	3.667	2.037	0.815	8.965	0.407	2.037	1.630	2.037	3.260	2.445	1.630	10.187	103.097	2.445	0.407	2.852	0.815	5.705	46.047	0.407	2.445	1.222	0.815	2.445	0.000	17.930	0.000	6.520	4.482	4.075	0.000
1.000	27.027	3.975	1.590	3.975	27.027	2.385	6.359	7.949	3.180	20.668	1.590	3.180	6.359	0.795	0.795	0.000	1.590	0.000	4.769	2.385	0.795	1.590	2.385	10.334	0.795	3.975	31.002	0.000	22.258	12.719	3.180	4.769	2.385	0.000	0.000	7.154	7.949	0.000	46.900	5.564	3.975	3.180	5.564	8.744	0.000	3.975	2.385	0.795	3.180	2.385	15.103	76.312	3.975	0.795	2.385	0.795	7.949	41.335	0.000	0.795	2.385	2.385	0.795	0.795	15.103	0.000	0.795	11.129	8.744	0.000
2.000	22.862	1.411	4.798	0.282	5.645	24.838	1.693	4.234	9.314	20.886	5.645	3.669	9.032	2.540	0.564	0.282	1.129	3.951	9.879	6.209	1.976	5.080	7.338	3.951	0.847	14.677	4.234	3.669	17.782	1.976	10.725	6.492	3.387	4.234	0.000	2.540	5.080	1.129	57.014	7.621	2.258	1.693	5.927	1.693	1.129	0.282	2.540	0.564	1.693	3.669	11.854	94.270	3.669	0.564	0.282	0.282	7.903	33.305	0.847	0.000	0.000	1.693	1.129	0.282	10.161	2.258	7.056	4.516	2.540	0.000
2.000	16.756	1.523	0.762	1.523	31.988	0.000	11.424	7.616	0.762	12.186	0.000	1.523	16.756	0.762	0.762	0.000	0.000	3.046	6.093	6.093	0.000	0.762	1.523	0.000	0.000	2.285	15.232	7.616	13.709	12.186	9.901	2.285	7.616	3.808	0.000	1.523	9.901	0.000	61.691	6.093	3.808	0.762	6.855	0.762	1.523	1.523	1.523	0.000	1.523	3.808	6.093	95.963	11.424	3.046	1.523	0.762	4.570	37.319	0.000	0.000	3.046	0.000	2.285	0.000	10.663	12.947	1.523	1.523	3.046	0.000
2.000	18.742	4.130	0.318	6.671	26.366	3.177	2.859	11.436	4.130	9.848	4.765	6.353	9.530	0.953	0.318	0.318	0.635	0.953	6.671	9.530	1.906	6.353	5.400	2.541	6.989	4.765	22.554	1.588	18.424	11.118	3.494	0.953	1.906	3.494	0.000	3.494	10.483	1.271	56.226	6.036	1.588	3.177	5.400	0.000	1.588	0.318	2.541	2.541	5.400	2.541	11.118	92.757	2.224	1.906	0.953	0.000	6.036	43.520	0.000	0.953	6.353	1.906	3.177	1.271	9.530	0.635	2.224	6.036	0.953	1.271
1.000	27.055	1.041	3.122	1.041	3.122	18.730	3.122	4.162	8.325	26.015	2.081	2.081	5.203	4.162	1.041	0.000	1.041	3.122	2.081	5.203	0.000	2.081	4.162	10.406	0.000	6.243	2.081	6.243	14.568	7.284	9.365	8.325	6.243	3.122	0.000	4.162	5.203	0.000	58.273	3.122	9.365	0.000	3.122	0.000	3.122	0.000	3.122	0.000	1.041	10.406	18.730	74.922	1.041	0.000	9.365	0.000	5.203	43.704	1.041	2.081	0.000	0.000	0.000	4.162	11.446	3.122	9.365	10.406	14.568	0.000
2.000	9.447	1.889	3.779	0.945	3.307	29.759	1.889	3.307	10.864	24.563	2.834	1.889	5.196	0.000	0.000	0.000	0.945	2.362	5.668	3.779	1.889	1.889	8.030	0.000	0.472	8.975	2.834	3.307	18.895	1.417	10.864	4.251	6.613	2.834	0.472	2.834	4.724	0.000	66.604	4.724	1.889	0.472	3.779	1.889	0.000	1.417	0.472	0.472	0.945	4.251	14.171	130.373	3.307	0.945	1.417	0.000	2.362	30.704	0.000	0.000	1.889	2.834	0.472	0.000	8.030	0.472	15.116	7.085	5.196	0.000
2.000	10.109	6.874	0.809	6.470	33.158	4.852	3.639	10.514	6.066	12.131	4.852	2.426	9.705	0.404	0.404	0.404	0.404	1.213	3.639	6.066	3.235	0.809	6.066	2.831	1.617	4.044	31.541	0.000	9.705	13.344	0.809	2.426	2.022	1.213	0.000	0.404	9.300	0.404	63.081	11.322	2.426	2.022	4.448	0.000	1.617	1.213	1.213	0.404	1.617	1.617	11.727	96.239	5.661	0.000	1.213	0.000	7.683	32.349	0.000	1.617	6.066	2.022	0.404	0.000	8.896	0.809	0.404	12.940	2.831	0.000
2.000	20.476	1.321	0.661	5.284	21.136	2.972	2.642	12.880	4.954	11.559	4.954	5.945	9.247	1.651	0.661	0.000	0.991	0.991	6.275	5.614	4.624	1.651	5.284	4.624	2.312	2.642	28.402	3.963	14.531	14.201	2.642	1.982	2.312	1.982	0.000	4.293	8.917	0.991	57.133	12.880	7.266	1.321	1.321	0.330	1.651	1.321	2.642	0.661	3.963	1.982	21.466	94.122	1.321	1.321	2.642	0.000	9.247	29.062	0.000	1.321	12.219	2.312	0.330	0.000	5.614	0.000	1.321	6.275	3.633	0.000
2.000	19.074	4.065	0.000	4.378	24.078	4.690	2.502	9.381	5.003	16.573	3.440	4.690	8.443	0.938	0.938	0.313	2.814	0.313	8.443	3.127	2.502	4.690	4.065	2.814	9.694	5.629	27.205	2.189	13.446	11.570	2.502	2.502	5.629	2.189	0.000	3.127	10.319	0.000	47.217	6.254	1.876	1.251	4.690	0.313	0.313	0.313	3.440	0.625	2.814	3.752	15.635	72.545	7.505	1.563	1.563	0.000	7.505	43.152	0.625	0.000	5.003	1.251	0.625	1.876	12.821	2.814	0.938	11.570	2.814	0.000
2.000	13.525	9.298	1.691	3.804	40.152	8.030	6.340	9.721	2.536	10.989	2.536	2.959	7.608	0.845	0.423	0.000	0.845	0.845	3.381	6.340	0.845	1.268	1.268	0.423	2.536	1.691	32.967	0.423	8.453	6.340	1.268	3.381	0.423	0.000	0.000	0.845	9.721	1.268	60.440	6.762	3.804	5.495	15.638	0.000	5.917	0.845	3.804	0.423	1.691	0.000	13.525	90.448	2.536	1.268	0.000	0.000	5.917	26.205	0.845	0.423	5.917	1.691	0.000	0.423	7.608	1.268	0.423	16.906	0.423	0.000
2.000	20.672	0.738	3.691	1.107	3.691	37.283	1.107	6.645	10.705	17.350	8.859	4.430	11.074	0.738	0.369	0.000	0.738	1.477	4.430	7.383	1.107	3.691	9.598	0.369	1.846	13.658	2.584	0.738	22.887	1.846	11.074	6.645	2.584	7.752	0.000	1.846	7.014	0.000	57.955	7.014	2.215	3.691	4.799	2.215	0.000	3.691	2.953	1.477	1.477	1.846	17.350	84.164	8.490	0.369	0.738	0.000	6.275	31.008	0.000	0.369	0.738	1.107	0.369	1.107	16.242	1.107	3.691	6.275	2.584	0.000
2.000	24.048	6.680	0.000	3.340	28.724	0.668	10.020	8.684	3.340	8.016	3.340	5.344	6.680	2.672	0.000	0.000	1.336	1.336	3.340	2.672	0.668	2.672	4.008	0.000	3.340	1.336	22.712	0.668	14.696	10.688	4.008	2.004	4.008	1.336	0.000	2.004	4.676	0.000	70.808	8.684	4.008	0.668	6.012	0.000	0.000	1.336	3.340	0.000	1.336	2.672	14.028	101.536	5.344	1.336	2.004	0.668	2.004	35.404	0.668	0.668	0.000	0.668	2.004	0.668	7.348	3.340	4.008	6.012	0.000	0.000
2.000	28.559	3.894	1.298	2.596	25.097	4.327	6.058	15.145	3.029	14.280	0.433	6.058	11.683	0.865	0.865	0.865	0.865	0.865	4.327	4.760	0.433	2.596	2.596	0.433	1.731	3.029	26.828	2.596	14.712	17.741	0.865	6.058	6.058	0.865	0.000	3.894	9.952	0.000	59.714	10.385	2.164	1.731	8.222	0.000	0.000	0.433	0.433	0.433	2.164	3.894	11.683	89.139	2.596	0.865	0.865	0.865	4.760	30.723	0.865	0.433	2.596	1.298	2.596	1.731	8.654	1.298	1.298	11.683	2.596	0.000
1.000	23.773	5.058	4.047	0.506	6.576	22.762	2.023	7.081	9.611	13.151	7.587	3.035	6.576	0.506	0.000	0.000	0.506	1.012	5.058	3.541	2.529	6.070	12.140	0.000	2.023	12.140	2.529	3.541	18.715	2.529	8.093	2.529	3.035	0.506	0.000	1.012	6.576	1.012	76.884	4.552	6.070	1.517	5.564	0.000	2.023	2.529	2.529	1.012	2.529	0.506	12.645	84.977	7.081	0.506	1.517	0.000	7.587	35.407	0.000	2.023	1.012	5.564	0.000	0.506	12.645	1.517	3.541	7.081	4.047	0.000
1.000	14.304	1.300	4.551	0.000	6.502	26.658	0.650	7.152	9.753	23.407	0.650	2.601	2.601	3.251	0.650	0.650	0.650	2.601	2.601	9.103	0.000	0.000	4.551	0.000	0.000	8.453	2.601	1.300	24.707	0.650	10.403	9.103	0.650	1.300	0.000	1.951	8.453	0.650	59.818	0.000	5.852	3.251	8.453	0.650	6.502	3.251	0.650	0.650	3.901	1.951	12.354	107.932	3.901	1.300	0.000	0.000	9.103	53.316	0.000	2.601	0.650	0.650	1.300	0.650	11.704	0.000	4.551	3.901	7.152	0.000
1.000	17.531	2.922	0.000	6.574	37.253	1.461	5.844	7.305	2.922	12.418	0.730	2.922	3.652	4.383	0.000	0.000	1.461	2.922	9.496	3.652	5.113	4.383	7.305	0.000	2.191	4.383	21.914	2.191	13.879	11.687	1.461	0.730	6.574	2.922	0.000	0.730	5.844	0.730	59.167	1.461	4.383	2.922	9.496	0.000	0.730	0.730	0.730	1.461	0.730	2.922	12.418	97.151	16.801	0.000	0.730	0.730	2.922	35.062	1.461	3.652	0.000	1.461	0.730	6.574	0.000	0.000	13.879	6.574	2.191	0.000
1.000	23.619	4.011	4.456	0.000	5.348	16.043	5.348	5.348	9.804	29.857	0.891	4.011	9.358	1.783	0.000	0.000	0.000	0.891	5.793	5.348	1.337	3.565	0.000	0.000	0.000	18.717	4.902	2.674	35.205	2.228	12.478	4.456	1.783	2.674	0.000	1.783	5.793	0.446	63.725	2.674	2.674	0.446	8.467	0.000	0.891	2.228	2.674	1.337	1.783	3.119	20.499	98.485	6.239	0.446	3.565	0.446	7.130	38.324	0.000	3.565	0.000	0.891	2.674	0.000	7.130	3.119	9.358	3.119	12.478	0.000
1.000	19.338	3.053	2.545	0.000	3.562	22.901	4.071	3.562	11.196	24.936	5.089	5.598	7.125	6.107	0.000	0.000	0.509	4.071	11.705	4.071	0.000	5.089	5.598	0.000	1.018	14.758	12.214	2.036	24.936	3.053	7.634	4.580	1.527	6.107	0.000	2.545	3.562	0.000	56.489	4.071	2.545	0.509	10.178	1.527	0.000	2.036	1.018	0.509	2.545	1.527	15.776	82.443	4.071	0.509	2.545	0.509	8.651	38.168	0.000	6.616	1.527	0.509	3.053	0.509	10.178	3.562	5.598	6.107	11.196	0.000
1.000	20.344	2.712	2.712	0.000	5.877	21.700	3.617	8.590	9.042	18.987	5.425	4.069	1.808	3.165	0.000	0.452	0.904	0.904	11.754	5.425	0.904	2.712	7.233	0.000	0.000	10.398	4.973	5.425	24.864	0.904	7.233	2.712	1.808	1.808	0.452	3.617	6.781	0.452	61.031	4.973	3.617	1.356	5.425	2.712	1.356	2.712	1.356	1.808	1.356	1.356	19.439	83.183	4.521	0.452	4.069	0.000	6.329	47.920	0.904	4.521	0.904	0.452	2.260	1.356	12.206	1.808	7.233	5.425	9.042	0.000
1.000	26.138	2.530	0.843	1.686	32.040	0.000	4.216	7.589	2.530	14.334	5.059	5.902	5.902	1.686	0.000	0.843	0.843	0.843	10.118	5.059	5.059	4.216	8.432	0.000	0.000	1.686	25.295	0.000	10.961	13.491	3.373	2.530	3.373	3.373	0.000	1.686	10.118	0.843	64.081	4.216	0.843	0.843	9.275	13.491	0.000	0.000	1.686	4.216	1.686	4.216	10.118	75.042	5.059	0.000	4.216	0.000	4.216	43.845	0.000	1.686	3.373	5.902	0.843	1.686	6.745	2.530	5.902	8.432	0.843	0.000
1.000	26.362	4.687	1.172	0.586	5.272	22.261	4.101	2.929	9.373	22.261	2.929	3.515	8.787	1.172	0.586	1.172	0.586	1.757	5.858	8.787	2.343	2.929	5.272	0.000	11.131	16.989	1.757	5.272	21.675	0.000	7.616	5.858	3.515	2.343	0.000	0.586	4.101	0.000	55.653	4.101	4.687	1.172	9.959	0.000	0.586	3.515	2.929	1.172	2.929	2.929	12.888	101.347	8.202	0.586	1.757	0.000	4.101	43.937	0.000	1.757	1.757	1.757	2.929	1.172	10.545	4.101	4.687	7.616	9.373	0.000
2.000	18.018	1.081	3.243	5.766	34.595	3.964	0.000	3.243	7.928	17.297	6.847	3.964	11.171	1.081	0.360	0.000	0.360	2.523	7.928	3.604	1.441	4.685	7.207	0.000	0.360	10.450	3.243	1.441	22.342	2.883	14.054	6.126	0.360	1.441	0.000	2.883	7.928	0.000	65.586	7.928	2.523	2.523	5.405	0.721	3.243	0.000	2.883	0.360	2.883	1.441	11.532	93.694	4.324	0.360	1.081	0.000	6.486	33.153	0.000	0.721	1.081	1.441	1.081	0.721	9.730	1.441	2.162	5.766	5.405	0.000
1.000	21.815	2.975	1.983	0.496	5.454	18.344	1.487	3.966	8.924	32.226	5.949	2.479	7.933	2.479	0.000	0.496	0.000	1.487	7.933	5.949	1.487	0.496	8.428	0.000	5.949	16.361	1.983	1.487	25.285	1.487	8.428	3.471	3.471	0.992	0.000	1.487	8.924	0.000	63.956	2.479	2.975	0.496	8.924	0.000	0.000	1.487	2.479	1.983	1.983	2.479	11.899	108.081	2.479	0.000	2.479	0.000	8.924	41.646	0.000	4.958	0.992	0.496	0.992	0.496	11.899	5.949	14.378	5.949	12.395	0.000
1.000	23.610	3.323	4.897	0.350	3.498	20.811	2.798	6.995	9.444	18.363	6.121	4.022	13.816	1.049	0.700	0.000	0.700	2.099	6.821	3.847	0.874	3.673	9.444	0.874	0.175	17.314	3.498	4.197	36.201	0.175	19.412	2.798	4.022	2.623	1.049	3.498	6.121	1.049	56.663	3.148	3.148	1.574	4.547	1.049	0.874	1.574	1.224	1.399	1.749	2.798	20.112	82.896	2.798	0.175	3.847	0.000	10.318	37.251	0.000	3.498	0.700	0.350	0.350	0.175	13.291	1.749	4.197	5.072	8.395	0.000
1.000	16.117	1.465	4.029	0.000	5.495	24.176	3.663	6.227	12.821	28.938	4.762	3.663	7.692	5.861	0.366	0.000	1.832	1.099	4.396	8.059	1.099	3.297	8.425	0.000	0.000	12.821	6.227	2.930	23.810	1.465	12.821	5.495	3.663	3.663	0.733	1.832	5.128	0.366	64.469	2.198	2.198	0.733	10.256	0.733	1.099	1.832	0.366	0.000	2.564	2.198	15.385	90.842	5.128	0.366	6.593	0.733	8.425	43.590	0.000	2.198	0.000	0.366	1.832	1.465	9.890	1.465	9.890	5.128	1.832	0.000
2.000	20.330	2.685	4.987	0.384	2.301	24.549	1.534	7.672	12.658	19.946	3.069	5.370	12.658	0.384	0.000	0.000	0.384	2.301	5.370	8.822	0.000	3.452	1.151	0.000	0.384	16.878	7.672	1.918	28.002	1.151	21.864	2.301	2.301	1.918	0.000	2.685	8.439	0.767	59.455	9.590	4.987	2.301	5.370	0.767	0.000	0.384	3.069	1.151	1.534	3.069	10.740	114.308	6.137	1.151	0.000	0.384	8.055	34.522	0.000	0.000	0.767	2.301	0.767	0.384	10.357	0.000	5.754	4.603	3.069	0.000
2.000	15.283	3.717	1.239	3.717	24.370	7.022	2.065	7.848	1.239	6.609	4.957	4.131	16.935	0.000	0.000	0.000	0.413	0.000	2.891	9.087	5.783	1.239	5.370	7.848	2.065	1.239	29.327	2.891	7.848	13.218	0.826	1.239	0.413	1.239	0.000	3.304	9.913	0.000	63.610	9.087	1.239	2.478	5.370	0.413	4.544	0.000	1.239	3.717	3.717	2.065	17.348	100.372	3.304	1.239	0.413	0.413	3.717	31.805	0.000	0.000	14.044	2.891	0.000	0.413	7.435	1.652	0.000	11.979	0.413	0.000
1.000	17.281	2.541	3.558	1.017	3.558	21.601	7.624	8.132	7.878	20.839	4.320	4.574	7.116	2.795	1.017	0.000	1.017	1.525	6.861	5.083	0.254	4.320	6.607	0.000	1.017	13.977	1.779	1.779	21.855	0.508	16.264	5.591	1.779	2.795	0.254	6.607	6.861	2.033	70.140	5.083	1.271	2.287	5.337	1.271	5.591	0.254	1.271	0.254	3.050	3.558	18.297	92.503	7.116	0.254	4.066	0.762	9.149	33.037	0.254	2.795	1.779	1.779	2.541	1.271	12.706	2.033	9.149	3.558	3.812	0.000
2.000	23.599	2.528	0.421	4.214	29.077	2.107	3.371	13.906	5.900	13.485	4.635	3.793	13.064	0.000	0.000	0.000	0.843	1.686	4.214	4.635	3.793	2.950	2.528	5.478	1.686	3.371	23.599	0.421	13.906	20.228	3.793	2.107	2.528	2.950	0.000	2.950	8.007	1.686	57.733	9.271	1.686	2.528	3.371	0.000	0.000	0.843	2.107	1.264	3.793	1.264	20.649	92.288	0.421	1.686	2.950	0.000	6.743	31.184	0.421	1.264	14.749	5.478	0.843	0.843	9.692	0.421	0.843	6.743	0.421	0.000
1.000	19.982	1.776	3.108	0.000	5.773	28.863	3.552	6.661	9.769	19.982	2.220	5.329	4.440	2.664	0.444	0.888	0.888	2.220	4.885	3.552	0.888	1.332	3.996	0.444	4.440	11.545	1.332	3.108	20.870	2.220	18.206	3.552	3.996	0.444	0.000	2.664	8.437	0.444	56.838	3.552	2.220	0.888	5.329	1.332	1.776	4.440	3.108	0.444	1.332	3.552	16.430	82.593	8.437	0.000	2.220	0.000	6.217	44.405	0.444	3.996	0.000	1.776	0.444	1.776	9.769	2.664	9.325	5.329	7.105	0.000
1.000	32.471	3.044	5.074	1.015	9.640	20.802	3.044	3.044	9.132	19.280	4.566	2.029	8.118	4.059	0.507	0.000	0.000	0.507	9.640	6.596	1.522	4.566	6.596	0.000	3.044	14.713	3.044	3.044	30.441	0.000	10.654	1.015	3.551	2.029	0.507	1.015	3.044	0.507	72.045	1.522	2.029	2.029	4.566	0.000	1.522	1.015	2.029	3.044	3.044	3.044	16.235	91.324	6.088	0.000	1.522	0.000	8.625	36.022	0.507	5.074	1.015	1.015	4.566	2.029	7.610	1.522	5.074	3.044	16.235	0.000
2.000	19.203	0.960	0.000	4.801	18.723	2.880	1.440	8.641	4.321	11.042	2.400	4.321	11.042	2.400	0.000	0.000	0.960	0.960	6.721	9.602	1.920	3.361	6.241	4.801	7.681	1.920	23.524	2.880	19.203	18.723	3.841	1.440	3.361	2.400	0.000	5.281	9.121	0.960	64.330	4.321	1.920	1.440	3.361	0.000	1.440	1.440	1.920	1.920	4.321	2.400	12.002	105.137	4.801	0.960	1.440	0.000	9.602	34.566	0.480	0.000	3.361	1.440	0.000	0.000	10.562	0.000	2.880	9.602	2.880	0.480
1.000	20.742	4.400	9.428	0.000	8.171	21.999	1.257	3.771	6.285	25.141	2.514	2.514	4.400	7.542	0.629	0.000	1.257	0.000	9.428	3.771	1.886	3.143	6.914	1.886	0.000	11.314	5.028	6.285	25.141	0.629	8.799	4.400	5.657	4.400	0.000	3.771	5.028	0.000	59.711	0.629	2.514	1.257	5.028	1.257	0.000	5.657	0.629	0.000	1.257	1.886	12.571	103.080	8.171	1.257	4.400	0.000	4.400	40.855	0.000	1.886	0.629	1.257	1.257	1.257	8.799	2.514	7.542	5.657	7.542	0.000
2.000	31.099	1.382	0.000	6.911	31.099	0.000	5.529	3.455	1.382	9.675	2.764	1.382	12.440	1.382	0.000	0.000	0.691	5.529	4.838	4.147	0.691	6.220	5.529	2.073	15.204	2.073	31.099	2.764	20.041	8.293	7.602	4.147	2.764	0.691	0.000	2.764	6.220	0.000	56.669	6.220	3.455	0.691	6.911	0.000	0.691	1.382	0.691	0.691	4.147	0.691	13.131	77.402	11.057	0.691	1.382	0.691	4.838	31.790	0.000	0.000	2.073	0.000	1.382	0.000	22.806	1.382	4.147	2.073	0.691	0.000
1.000	19.218	0.994	2.319	0.331	5.302	24.520	2.982	4.307	9.940	21.869	2.982	5.302	8.284	5.964	0.994	0.331	0.663	2.319	4.970	8.946	0.994	1.988	6.296	0.000	0.663	17.893	4.307	3.313	22.531	0.663	15.905	5.302	1.325	4.639	0.000	5.964	5.964	0.994	59.642	3.313	2.319	2.319	6.296	0.663	0.994	1.657	2.319	0.994	2.319	3.313	22.531	101.392	10.603	0.663	3.976	0.331	8.615	42.412	0.000	2.982	0.663	0.331	0.663	0.331	10.934	1.657	4.639	3.976	6.296	0.000
1.000	25.475	3.497	3.996	0.500	4.496	29.471	2.997	4.995	6.494	25.974	1.998	2.997	6.993	1.998	0.999	0.000	2.997	0.500	4.995	5.495	2.498	4.496	5.994	0.500	2.498	11.489	1.998	6.494	27.972	0.500	4.995	1.998	0.500	2.997	0.000	2.498	6.494	1.499	58.941	5.495	3.996	1.998	5.994	5.994	0.500	2.997	1.998	1.998	1.998	1.998	16.484	73.427	6.494	0.000	2.997	0.000	11.489	44.955	1.998	3.497	3.497	0.000	0.000	0.500	7.493	0.500	3.996	2.498	12.488	0.000
2.000	18.305	2.816	0.563	4.506	28.724	4.506	9.575	11.828	2.534	21.402	3.661	3.098	8.448	2.534	0.282	0.282	0.282	1.126	5.069	6.477	1.126	2.534	6.477	0.000	3.098	1.690	22.247	2.534	13.236	13.236	3.379	4.224	2.816	2.534	0.000	2.816	8.448	0.282	59.983	5.069	1.971	0.563	6.195	1.408	3.379	0.282	1.408	0.563	1.690	3.379	17.741	96.029	3.661	1.408	2.816	0.563	6.759	42.242	0.282	0.282	1.126	1.690	1.690	1.690	9.575	1.690	3.098	6.759	2.253	0.000
1.000	15.733	5.035	5.664	0.000	6.923	25.173	3.776	7.552	6.293	21.397	1.888	1.259	8.811	1.888	0.629	0.000	1.259	1.888	7.552	6.923	0.629	3.776	6.293	0.000	0.000	12.587	6.293	2.517	16.362	1.259	7.552	6.923	4.405	1.888	5.035	1.888	8.811	0.000	64.821	5.664	2.517	0.000	3.776	1.888	4.405	0.629	1.888	0.000	0.629	6.923	17.621	79.924	8.181	0.000	1.259	0.000	8.811	44.053	0.000	3.776	0.000	0.629	0.000	0.629	11.328	5.035	15.733	3.776	1.259	6.293
1.000	21.533	3.915	2.284	0.000	6.199	25.775	4.241	6.852	7.178	12.398	4.894	4.568	4.894	1.631	0.326	0.000	0.653	0.979	7.504	5.546	1.631	2.610	9.462	0.000	4.241	12.398	2.610	3.263	28.385	0.979	15.987	4.894	5.546	2.936	0.326	2.936	4.568	0.653	58.728	4.568	2.936	1.305	7.178	0.326	0.653	2.284	3.589	0.653	1.631	4.568	11.419	92.007	6.852	0.326	4.241	0.000	5.220	38.499	0.000	1.958	1.958	2.284	1.958	1.958	8.809	5.220	3.589	6.199	3.589	0.000
2.000	16.829	9.743	1.771	5.757	35.430	4.872	7.972	12.843	5.757	19.929	1.329	2.214	11.515	1.771	0.443	0.000	0.443	0.886	1.771	4.872	1.771	0.886	3.986	0.000	1.329	1.771	25.686	1.329	9.743	10.186	1.771	8.857	4.872	0.886	0.000	1.329	9.300	0.000	54.916	7.529	1.771	1.771	12.843	0.000	2.214	0.443	0.443	0.886	2.657	1.329	17.715	81.488	4.872	0.443	0.443	0.443	3.100	37.201	0.000	0.443	3.986	3.100	0.000	0.886	11.957	0.886	3.100	13.729	2.214	0.000
2.000	13.752	2.292	0.000	4.912	42.895	0.982	5.566	4.912	2.620	12.115	3.274	3.929	9.168	1.310	0.655	0.327	0.982	1.310	8.513	4.257	1.637	6.876	8.841	1.310	0.655	1.965	16.045	0.327	5.566	7.531	2.947	2.292	1.310	1.637	0.000	2.947	3.274	3.602	59.921	6.221	2.620	1.965	6.221	5.239	3.929	1.965	1.637	0.655	1.310	0.327	12.115	75.639	18.664	2.947	1.637	0.327	5.894	29.142	0.000	0.000	1.637	2.292	1.637	3.274	13.098	4.912	9.823	10.478	1.637	0.327
1.000	24.226	1.346	4.038	0.000	10.094	27.591	4.038	1.346	2.692	20.188	2.692	6.729	6.729	0.673	0.000	0.000	0.673	1.346	2.692	6.057	1.346	1.346	3.365	0.000	0.000	16.151	2.019	4.038	26.918	0.673	10.767	1.346	0.000	0.673	0.000	4.711	10.094	1.346	59.892	9.421	2.692	2.692	7.402	0.000	3.365	2.019	0.673	0.000	3.365	0.673	21.534	99.596	2.692	1.346	5.384	0.000	10.767	30.956	0.000	1.346	2.019	1.346	1.346	0.000	15.478	0.000	2.019	3.365	15.478	0.000
2.000	27.130	2.042	3.792	0.875	3.501	23.046	2.334	4.376	11.085	22.754	4.084	3.501	13.711	2.625	0.583	0.000	0.875	2.625	8.168	1.750	0.875	3.209	6.126	0.292	0.000	16.628	4.376	1.750	15.461	2.042	9.918	7.293	2.334	2.334	0.000	4.084	7.585	0.292	64.469	9.627	3.792	1.750	6.126	0.292	2.042	3.501	1.750	0.583	3.501	2.917	14.294	102.684	2.917	0.000	0.583	0.000	5.543	32.380	2.334	0.000	0.000	0.292	2.042	0.875	9.918	1.459	5.543	4.959	3.501	0.000
1.000	24.177	3.086	2.572	0.000	5.658	37.037	0.000	9.259	9.774	9.259	6.173	1.543	5.144	1.029	0.000	0.000	0.000	0.514	6.173	7.202	2.058	5.144	13.374	1.029	1.543	5.658	0.000	2.572	28.292	3.601	4.115	1.543	4.115	0.514	0.000	0.000	8.230	0.514	73.045	1.029	1.543	0.514	9.774	2.058	0.514	1.029	2.058	1.543	1.543	3.086	11.317	80.247	6.687	0.000	4.115	0.000	5.658	28.807	0.000	2.058	4.630	2.572	1.029	0.000	10.802	3.601	3.086	5.144	3.086	0.000
1.000	22.613	5.025	4.020	0.503	6.533	26.131	0.503	7.035	8.040	16.080	6.533	5.025	5.528	0.503	0.000	0.000	1.005	1.508	4.523	4.523	1.508	3.015	8.543	1.005	0.000	9.548	4.523	3.518	19.598	2.513	10.050	4.020	4.020	1.508	0.000	1.508	6.030	0.503	66.332	4.523	2.513	0.503	8.543	2.513	0.000	2.513	2.513	1.005	2.513	1.005	8.040	77.889	8.040	0.000	1.005	0.503	8.040	39.196	1.508	1.508	0.503	0.000	0.000	0.000	12.060	0.000	4.523	6.533	13.568	0.000
1.000	21.142	2.819	2.819	0.000	3.524	23.256	5.638	7.047	7.752	23.256	3.524	3.524	9.866	7.752	0.000	0.705	0.000	0.000	4.933	3.524	1.409	0.000	3.524	0.000	2.114	14.799	9.866	3.524	19.732	2.114	9.866	2.819	5.638	1.409	0.000	2.114	1.409	0.000	63.425	2.819	1.409	2.819	9.866	0.000	0.000	1.409	1.409	0.705	2.114	4.933	26.075	101.480	4.228	0.000	5.638	0.705	5.638	42.283	0.000	2.819	0.705	0.000	1.409	0.705	12.685	0.705	22.551	4.228	2.114	0.000
2.000	17.413	4.975	0.995	2.985	33.333	2.985	2.488	12.438	2.985	12.438	7.960	3.980	11.443	1.493	0.000	0.000	0.995	0.995	4.478	5.473	2.985	5.473	10.945	12.438	0.000	2.488	29.353	1.990	10.448	12.935	0.498	1.493	1.493	0.498	0.000	0.498	6.468	1.493	55.721	6.965	2.488	1.990	4.478	0.000	0.498	0.000	0.995	2.488	1.493	1.990	15.920	89.552	10.945	0.498	0.498	0.000	4.478	35.323	0.000	0.000	2.985	1.990	0.995	0.000	9.950	0.498	3.980	9.453	0.995	0.000
2.000	29.477	1.390	1.112	8.343	22.803	2.781	6.396	9.455	2.225	16.685	3.615	2.781	16.129	2.503	0.278	0.556	1.112	2.225	3.893	5.562	1.390	3.337	4.449	0.000	3.059	3.337	18.910	2.781	15.295	19.466	5.284	3.615	2.781	1.112	0.000	5.006	8.343	0.556	57.286	5.562	1.669	1.112	12.514	0.278	1.112	0.834	1.669	1.669	2.225	3.059	18.910	98.443	3.059	1.390	2.503	1.112	7.786	41.157	0.000	0.278	3.893	0.278	1.669	0.556	6.118	0.000	3.893	5.562	4.171	0.000
1.000	26.113	1.187	4.748	0.000	4.748	26.113	4.154	4.748	8.309	18.991	6.528	8.902	8.309	1.187	1.187	0.000	2.374	0.000	5.341	5.341	1.780	1.780	7.715	0.000	0.000	23.145	7.715	4.748	19.585	2.374	15.430	5.935	0.593	4.154	0.000	0.000	7.715	0.000	52.226	2.967	1.187	2.967	7.122	0.593	1.187	2.374	1.780	0.593	2.374	0.593	18.991	92.582	2.967	0.593	1.187	0.000	10.682	39.169	0.593	5.341	1.780	2.374	5.935	0.000	13.056	2.374	5.341	2.967	8.902	0.000
2.000	22.379	2.452	0.613	3.372	22.992	4.292	6.131	10.116	4.292	10.730	5.212	3.066	9.197	0.920	0.613	0.000	0.920	3.372	5.212	6.131	2.759	3.985	5.825	14.408	4.292	3.372	28.510	2.759	14.102	16.554	3.985	4.905	3.985	1.533	0.000	3.372	9.197	0.307	61.925	11.649	1.533	1.226	3.985	0.920	0.000	1.226	3.679	2.759	3.372	2.452	15.635	70.815	2.759	0.613	1.839	0.613	4.598	31.882	0.000	0.307	3.066	0.613	1.226	0.920	12.262	0.613	0.307	10.730	3.679	0.000
1.000	26.843	4.261	3.409	0.426	3.835	17.895	5.113	3.409	4.687	20.878	6.391	4.261	11.504	1.278	0.852	0.000	0.852	1.704	5.965	5.539	0.852	5.965	6.391	0.000	10.652	18.321	3.835	2.130	26.417	1.704	11.930	5.113	4.261	0.426	0.000	2.130	5.539	0.426	58.798	2.130	3.409	1.278	10.226	0.852	2.556	2.983	2.130	0.852	0.852	5.965	17.043	86.493	3.409	0.000	2.130	0.426	11.078	34.938	0.000	5.539	0.852	1.278	0.852	1.278	8.522	3.409	8.095	6.391	12.356	0.000
1.000	27.594	3.449	3.449	0.287	5.461	22.995	2.012	4.886	6.899	15.234	4.599	4.312	8.623	1.437	0.287	0.000	1.437	2.300	6.036	6.611	0.862	5.749	4.024	0.287	1.725	13.222	5.174	2.587	24.720	1.150	13.797	5.749	1.725	2.587	0.287	1.725	6.899	0.287	67.836	2.300	2.587	0.287	6.036	3.449	0.575	2.300	2.587	1.150	2.587	2.874	15.234	82.782	6.611	0.287	4.024	0.575	8.623	41.104	0.287	3.737	1.725	2.587	1.150	0.862	10.348	0.862	2.874	5.749	5.749	0.000
1.000	22.403	7.792	6.818	0.000	5.844	24.026	0.974	7.143	4.870	14.286	4.545	2.597	10.390	4.545	1.623	0.325	0.974	2.597	5.519	7.143	0.649	4.545	10.065	0.000	0.325	9.740	2.597	2.273	23.701	1.299	15.584	2.273	1.948	2.922	0.974	1.948	5.195	0.649	62.987	3.247	0.325	2.597	12.338	6.494	0.325	1.948	0.649	0.649	0.649	3.247	12.338	81.494	2.273	0.000	5.844	0.974	7.792	37.662	0.325	3.247	0.974	2.597	0.974	1.299	17.857	1.948	6.169	6.169	4.221	0.649
2.000	14.848	1.381	6.906	0.691	3.453	30.387	5.180	4.489	9.669	18.646	6.561	2.762	9.669	2.417	0.691	0.000	0.345	4.489	6.906	3.108	3.453	2.417	11.395	0.000	0.691	6.215	2.072	2.762	22.790	3.798	9.669	2.072	3.453	2.072	0.000	6.215	5.525	0.691	58.356	9.669	1.727	1.381	12.776	0.345	5.180	1.381	2.072	1.727	2.417	2.762	9.669	107.044	3.108	0.000	1.381	0.345	8.633	27.624	1.381	0.000	0.000	0.691	0.691	0.000	10.359	0.691	3.453	6.215	10.014	0.000
1.000	22.311	4.909	1.785	0.000	6.247	26.328	2.677	4.462	11.602	22.311	2.677	3.124	4.462	4.909	1.339	0.000	2.231	0.000	7.586	5.801	0.892	2.231	3.124	0.000	0.892	18.742	2.677	6.693	18.295	1.785	13.833	3.124	0.892	0.446	0.446	2.231	4.016	0.000	67.827	1.339	1.785	1.785	7.586	2.677	1.339	3.570	3.570	0.446	1.785	0.892	13.387	98.170	6.247	0.000	5.801	0.000	6.247	49.531	0.000	4.462	1.785	2.677	2.677	0.892	7.140	4.016	4.909	5.355	8.478	0.000
2.000	26.009	2.668	1.334	0.000	4.668	40.347	1.334	9.003	6.669	20.340	3.001	3.668	13.004	1.334	0.000	0.000	0.000	1.000	6.002	4.001	0.333	1.334	5.335	0.000	2.668	15.672	3.001	2.001	21.007	3.001	14.005	5.335	4.001	3.334	0.000	1.667	4.668	0.000	51.684	6.002	2.668	0.667	7.336	2.668	0.667	0.000	1.334	1.000	2.668	4.335	10.337	86.362	7.002	0.667	2.001	0.000	3.668	33.011	0.333	0.000	0.667	0.000	1.667	0.667	13.004	3.001	10.003	3.668	2.001	0.000
1.000	18.155	5.397	4.416	0.000	6.379	20.608	5.397	1.472	9.323	26.987	3.435	2.944	6.379	0.491	0.981	0.491	2.453	0.491	4.416	5.397	2.453	3.435	5.888	0.000	0.000	18.155	8.342	6.869	19.136	1.472	6.869	2.453	2.944	4.416	0.000	2.944	9.814	0.491	69.185	1.963	0.981	1.472	8.342	0.981	0.491	2.944	1.472	1.472	1.963	1.963	7.851	93.719	5.888	0.000	1.963	0.000	8.832	43.180	0.000	2.944	0.000	3.435	0.981	1.963	10.795	2.453	2.944	6.379	17.664	0.000
1.000	32.064	2.004	1.503	0.000	5.010	24.549	3.006	4.008	9.018	20.040	5.511	1.002	11.022	4.509	1.002	1.002	0.000	1.503	2.505	8.016	0.501	4.509	4.509	0.501	1.002	8.517	6.012	5.511	24.048	0.000	13.527	5.511	1.503	2.004	0.000	6.012	4.008	1.503	74.649	3.006	0.501	1.002	10.521	0.501	2.505	2.505	3.507	1.503	1.503	2.004	12.024	91.182	4.008	0.000	4.008	1.002	8.517	27.054	0.000	3.006	0.501	1.002	1.002	1.002	10.020	2.505	3.006	7.515	6.012	0.000
