0.1394 0.8231  -> 0
1.2149 1.8136  -> 1
1.3823 0.8263  -> 2
1.3726 0.8158  -> 2
1.3694 0.8158  -> 2
1.3855 0.8123  -> 2
1.3919 0.8053  -> 2
1.3694 0.8123  -> 2
1.3661 0.8123  -> 2
1.3597 0.7982  -> 2
1.3565 0.6061  -> 2
1.3468 0.7126  -> 2
1.3823 0.7494  -> 2
1.3758 0.7167  -> 2
1.3081 0.7208  -> 2
1.3339 0.6757  -> 2
1.3403 0.7453  -> 2
1.3306 0.6798  -> 2
1.3565 0.7494  -> 2
1.3629 0.6553  -> 2
1.3629 0.6266  -> 2
1.3726 0.6266  -> 2
1.3823 0.6962  -> 2
1.3661 0.774  -> 2
1.3113 0.7699  -> 2
1.3532 0.7658  -> 2
1.3726 0.7985  -> 2
1.3855 0.7044  -> 2
1.321 0.6675  -> 2
1.2984 0.733  -> 2
0.179 0.8354  -> 0
0.2177 0.8558  -> 0
0.1823 0.8272  -> 0
0.2177 0.9377  -> 0
0.2823 0.8108  -> 0
0.2371 0.8067  -> 0
0.2274 0.9132  -> 0
0.279 0.8763  -> 0
0.2242 0.9009  -> 0
0.35 0.8968  -> 0
0.2565 0.8436  -> 0
0.1855 0.9132  -> 0
0.1274 0.9091  -> 0
0.2629 0.9664  -> 0
0.1823 0.8722  -> 0
0.2661 0.9746  -> 0
0.1984 0.9705  -> 0
0.2306 1.0114  -> 0
0.321 0.9418  -> 0
0.25 0.8886  -> 0
0.1919 1.0237  -> 0
0.2661 0.9541  -> 0
0.1758 0.95  -> 0
0.1887 1.0278  -> 0
0.1823 0.8477  -> 0
0.3177 0.9091  -> 0
0.2661 0.95  -> 0
0.1661 0.9336  -> 0
0.2371 1.0114  -> 0
0.3597 0.8886  -> 0
0.2726 0.8108  -> 0
0.15 0.8845  -> 0
0.2048 1.0769  -> 0
0.2887 1.0687  -> 0
0.3565 0.9132  -> 0
0.2532 0.7863  -> 0
0.1565 0.8354  -> 0
0.1306 1.0073  -> 0
0.2435 1.1588  -> 0
0.3532 1.0933  -> 0
0.3468 0.9132  -> 0
0.2597 0.995  -> 0
0.3113 0.995  -> 0
0.379 0.9746  -> 0
0.3629 1.0482  -> 0
1.121 1.8056  -> 1
1.1984 1.7769  -> 1
1.1242 1.7073  -> 1
1.1565 1.8219  -> 1
1.1758 1.7401  -> 1
1.1435 1.7482  -> 1
1.05 1.7401  -> 1
1.1145 1.8219  -> 1
1.1597 1.7073  -> 1
1.0984 1.7155  -> 1
1.0919 1.7974  -> 1
1.1532 1.7442  -> 1
1.1435 1.7523  -> 1
1.1597 1.8056  -> 1
1.0661 1.7728  -> 1
1.0339 1.7974  -> 1
1.1339 1.8711  -> 1
1.2048 1.8506  -> 1
1.2339 1.7442  -> 1
1.1145 1.6909  -> 1
1.0984 1.7687  -> 1
1.2177 1.6295  -> 1
1.2274 1.5968  -> 1
1.2532 1.6991  -> 1
1.2081 1.6213  -> 1
1.1597 1.6173  -> 1
1.15 1.6827  -> 1
1.2177 1.6868  -> 1
1.2274 1.6787  -> 1
1.1855 1.65  -> 1
1.15 1.6582  -> 1
1.0435 1.6991  -> 1
1.0145 1.8178  -> 1
1.0952 2.002  -> 1
1.2306 2.0433  -> 1
1.1468 1.917  -> 1
1.0919 1.8795  -> 1
1.1177 1.9778  -> 1
1.221 1.9076  -> 1
1.2597 1.8047  -> 1
1.2565 1.6456  -> 1
1.2629 1.5848  -> 1
1.2532 1.5193  -> 1
1.279 1.7158  -> 1
1.3016 1.8421  -> 1
1.3306 0.6491  -> 2
1.3629 0.6164  -> 2
1.2919 0.6632  -> 2
1.2855 0.7474  -> 2
1.3113 0.8409  -> 2
1.3823 0.8035  -> 2
1.3887 0.6959  -> 2
1.3823 0.6211  -> 2
1.3984 0.607  -> 2
1.3984 0.6304  -> 2
1.3919 0.6398  -> 2
1.3629 0.6585  -> 2
1.3242 0.6912  -> 2
1.2919 0.6585  -> 2
1.2597 0.7427  -> 2
1.2597 0.8082  -> 2
1.2952 0.8456  -> 2
1.3694 0.8082  -> 2
1.3629 0.9064  -> 2
1.2952 0.869  -> 2
1.25 0.8082  -> 2
1.2435 0.7427  -> 2
1.2823 0.6819  -> 2
1.3532 0.6819  -> 2
1.3565 0.7801  -> 2
1.3177 0.8269  -> 2
1.3403 0.8409  -> 2
1.2661 0.869  -> 2
1.2274 0.7848  -> 2
1.2177 0.6819  -> 2
1.2532 0.607  -> 2
1.2919 0.5789  -> 2
1.3823 0.3854  -> 2
1.2887 0.5947  -> 2
1.3274 0.6006  -> 2
1.4048 0.4602  -> 2
1.4326 0.5246  -> 2
1.4914 0.4135  -> 2
1.3358 0.4953  -> 2
1.3462 0.5889  -> 2
1.4084 0.5304  -> 2
1.36 0.4836  -> 2
1.3911 0.5129  -> 2
1.4361 0.4836  -> 2
1.3635 0.6415  -> 2
1.4361 0.6825  -> 2
1.4015 0.7526  -> 2
1.4361 0.583  -> 2
1.4291 0.5187  -> 2
1.36 0.5713  -> 2
1.3911 0.6942  -> 2
1.3738 0.5772  -> 2
1.2632 1.8696  -> 1
1.1803 1.8813  -> 1

Distortion(0) = 2.131408664362837
Distortion(1) = 2.347617692500445
Distortion(2) = 2.950851665699162
Distortion in total = 7.429878022562445