0.9478 0.9341  -> 0
0.9708 0.8  -> 0
0.3605 0.3767  -> 0
0.5236 0.9957  -> 0
0.9081 0.4277  -> 0
0.9457 0.8489  -> 0
0.6552 0.7086  -> 1
0.8788 0.383  -> 0
0.6051 0.6639  -> 1
0.4483 0.6128  -> 1
0.6426 0.6192  -> 1
0.1703 0.8  -> 0
0.5925 0.6532  -> 1
0.6301 0.7362  -> 1
0.3981 0.649  -> 1
0.8976 0.9681  -> 0
0.6092 0.7617  -> 1
0.7931 0.7362  -> 1
0.9101 0.4575  -> 0
0.5256 0.7681  -> 1
0.7116 0.9596  -> 0
0.9666 0.5766  -> 0
0.6719 0.7766  -> 1
0.35 0.5596  -> 1
0.1662 0.4258  -> 0
0.1829 0.7298  -> 0
0.3814 0.6065  -> 1
0.6051 0.7596  -> 1
0.8851 0.4171  -> 0
0.1933 0.4533  -> 0
0.557 0.7596  -> 1
0.7493 0.3661  -> 0
0.1996 0.8341  -> 0
0.8119 0.3746  -> 0
0.1599 0.5043  -> 0
0.8454 0.9851  -> 0
0.4733 0.6979  -> 1
0.3041 0.9681  -> 0
0.4629 0.3533  -> 0
0.5653 0.6851  -> 1
0.373 0.6426  -> 1
0.3166 0.6001  -> 1
0.5403 0.6234  -> 1
0.7806 0.8064  -> 1
0.7074 0.3384  -> 0
0.419 0.566  -> 1
0.8308 0.3639  -> 0
0.7931 0.8106  -> 1
0.1683 0.4511  -> 0
0.8286 0.7894  -> 1
0.6907 0.6703  -> 1
0.6238 0.3363  -> 0
0.7973 0.983  -> 0
0.8537 0.3703  -> 0
0.4608 0.6341  -> 1
0.2602 0.9637  -> 0
0.5778 0.6809  -> 1
0.7701 0.3554  -> 0
0.8726 0.9255  -> 0
0.4295 0.9915  -> 0
1 0.7979  -> 0
0.185 0.4469  -> 0
0.9833 0.6894  -> 0
0.9812 0.8383  -> 0
0.1351 0.4323  -> 0
0.3773 0.5788  -> 1
0.9812 0.7043  -> 0
0.6782 0.3639  -> 0
0.1662 0.566  -> 0
0.5695 0.7724  -> 1
0.8914 0.4022  -> 0
0.1432 0.619  -> 0
0.1432 0.5388  -> 0
0.187 0.7979  -> 0
0.8558 0.3958  -> 0
0.4483 0.7447  -> 1
0.2978 0.9383  -> 0
0.9791 0.6256  -> 0
0.6677 0.3469  -> 0
0.5821 0.3405  -> 0
0.9144 0.9638  -> 0
0.1536 0.7575  -> 0
0.4086 0.6979  -> 1
0.7346 0.7915  -> 1
0.9666 0.6022  -> 0
0.7263 0.666  -> 1
0.6593 0.3469  -> 0
0.9666 0.8958  -> 0
0.2184 0.4256  -> 0
0.5236 0.7064  -> 1
0.4169 0.3618  -> 0
0.5193 0.7851  -> 1
0.373 0.6745  -> 1
0.7179 0.7553  -> 1
0.9311 0.9319  -> 0
0.3898 0.9808  -> 0
0.162 0.6213  -> 0
0.1975 0.8525  -> 0
0.2936 0.9787  -> 0
0.5381 0.3427  -> 0
0.9896 0.7639  -> 0
0.4671 0.9893  -> 0
0.7681 0.8553  -> 1
0.6845 0.8298  -> 1
0.2414 0.4022  -> 0
0.1515 0.5256  -> 0
0.2477 0.9468  -> 0
0.5716 0.7106  -> 1
0.8475 0.9872  -> 0
0.4023 0.5532  -> 1
0.5883 0.5703  -> 1
0.9457 0.5277  -> 0
0.2017 0.8724  -> 0
0.5465 0.5851  -> 1
0.7868 0.7787  -> 1
0.4943 0.7915  -> 1
0.2477 0.4075  -> 0
0.9896 0.8447  -> 0
0.2602 0.9191  -> 0
0.3563 0.9766  -> 0
0.1494 0.6065  -> 0
0.9248 0.4852  -> 0
0.9582 0.8298  -> 0
0.7053 0.8  -> 1
0.3375 0.9702  -> 0
0.3647 0.4001  -> 0
0.8078 0.9468  -> 0
0.3751 0.7086  -> 1
0.5236 0.6468  -> 1
0.4232 0.9979  -> 0
0.5403 0.8022  -> 1
0.3543 0.9766  -> 0
0.9499 0.5022  -> 0
0.883 0.3873  -> 0
0.9645 0.7277  -> 0
0.9875 0.6937  -> 0
0.9039 0.4469  -> 0
0.442 0.3554  -> 0
0.7931 0.7362  -> 1
0.371 0.6171  -> 1
0.3459 0.9893  -> 0
0.6531 0.7383  -> 1
0.6656 0.8341  -> 1
0.9624 0.9106  -> 0
0.1662 0.6256  -> 0
0.9374 0.5235  -> 0
0.5925 0.3639  -> 0
0.9499 0.5532  -> 0
0.3835 0.3746  -> 0
0.4608 0.6532  -> 1
0.9374 0.466  -> 0
0.1683 0.7594  -> 0
0.162 0.8128  -> 0
0.3981 0.5426  -> 1
0.8141 0.7617  -> 1
0.3438 0.4065  -> 0
0.58 0.6937  -> 1
0.9771 0.6298  -> 0
0.6259 0.8383  -> 1
0.3835 0.5554  -> 1
0.6426 0.6128  -> 1
0.4128 0.9851  -> 0
0.187 0.4256  -> 0
0.5026 0.3788  -> 0
0.4316 0.3894  -> 0
0.7722 0.7341  -> 1
0.2978 0.3894  -> 0
0.3375 0.6384  -> 1
0.4462 0.7383  -> 1
0.7283 0.9808  -> 0
0.837 0.3958  -> 0
0.5946 0.9872  -> 0
0.2351 0.4171  -> 0
0.766 0.7703  -> 1
0.1599 0.683  -> 0
0.743 0.3554  -> 0
0.5381 0.5468  -> 1
0.5549 0.3405  -> 0
0.6134 0.9851  -> 0
0.5633 0.5809  -> 1
0.4629 1  -> 0
0.4399 0.7213  -> 1
0.5152 0.9851  -> 0
0.9374 0.8915  -> 0
0.4107 0.9915  -> 0
0.5298 0.9787  -> 0
0.7827 0.3618  -> 0
0.4588 0.3533  -> 0
0.1557 0.5532  -> 0
0.3626 0.5256  -> 1
0.3145 0.3894  -> 0
0.766 0.7022  -> 1
0.4169 0.3682  -> 0
0.9561 0.6298  -> 0
0.5653 0.9724  -> 0
0.1536 0.6958  -> 0
0.4755 0.5745  -> 1
0.1808 0.8702  -> 0
0.8654 0.9614  -> 0
0.8851 0.9362  -> 0
0.7722 0.9724  -> 0
0.5716 0.3511  -> 0
0.9959 0.7383  -> 0
0.5026 0.5745  -> 1
0.9081 0.4299  -> 0
0.7764 0.7128  -> 1
0.5423 0.8234  -> 1
0.3626 0.6979  -> 1
0.1724 0.5086  -> 0
0.4755 0.3597  -> 0
0.2873 0.4107  -> 0
0.1578 0.6902  -> 0
0.6803 0.632  -> 1
0.9248 0.8979  -> 0
0.5277 0.6958  -> 1
0.6636 0.9808  -> 0
0.208 0.9127  -> 0
0.394 0.7681  -> 1
